1. 9 9 8 4 0 2 1 
2. 9.29 6.25 1.28 4.3 0.13 0.65 2.65 
3. 9 9 0 8 0 2 1 
4. 9 7 1.28 4.3 0.13 0.65 2.65 
5. 9 7 1.28 4.3 0.13 0.65 2.65 
6. 9 7 1.28 4.3 0.13 0.97 1 
7. 9 7 1.28 4.3 0.13 0.97 1 
8. 9 7 1.28 4.3 0.13 0.97 1 
9. 9.03 6.75 1.57 3.99 0.04 0.66 1.27 
10. 9 7 1.28 4.3 0.13 0.97 1 
11. 9 7 1.28 4.3 0.13 0.97 1 
12. 7.2 7.12 1.04 4.53 0.53 1.32 1.08 
13. 9 7 1.04 4.53 0.13 0.97 1 
14. 9 7.31 1.03 4.57 0.07 1.42 0.98 
15. 9.38 7.12 1.43 4.99 -0.28 1.89 1.04 
16. 9 7 1.04 4.53 0.07 1.42 0.98 
17. 9 7.12 0.95 4.53 0.07 1.42 0.98 
18. 9 7 1.04 4.92 -0.08 1.12 0.98 
19. 6.77 7.38 0.81 4.55 -0.29 1.36 0.83 
20. 9 7 0.84 4.51 -0.8 0.79 1.34 
21. 4.51 6.59 0.46 4.8 -0.95 0.94 0.65 
22. 9 7 0.84 4.66 -1.06 0.94 0.65 
23. 6.77 7.38 0.81 4.55 -0.95 0.94 0.65 
24. 7.29 7.54 1.04 4.31 -0.1 1.26 0.46 
25. 6.77 7.54 1.04 4.31 -0.1 1.26 0.65 
26. 6.97 7.93 1.49 4.14 0.13 1.6 0.58 
27. 6.97 7.54 1.04 4.31 -0.1 1.26 0.65 
28. 7.72 7.85 1.09 4.34 -0.2 0.76 0.53 
29. 8.1 7.88 1.3 4.35 0.06 1.32 0.63 
30. 8.1 7.88 1.3 4.34 -0.2 0.76 0.53 
31. 8.1 7.88 1.3 4.34 -0.2 0.76 0.53 
32. 8.1 7.88 1.3 4.34 -0.2 0.76 0.53 
33. 8.1 7.88 1.3 4.35 -0.2 0.76 0.53 
34. 8.45 8.3 1.37 4.2 -0.05 1.97 0.78 
35. 8.61 7.95 1.04 4.77 0.12 0.78 0.78 
36. 8.45 8.3 1.37 4.2 -0.05 1.97 0.78 
37. 8.45 8.3 1.37 4.2 0.12 0.78 0.78 
38. 8.58 8 1.11 3.51 0.5 0.04 0.43 
39. 8.57 7.93 0.88 3.51 0.5 0.04 0.43 
40. 8.58 8 1.11 3.51 0.5 0.04 0.43 
41. 8.58 8 0.85 3.51 0.5 0.04 0.43 
42. 8.57 7.93 1.11 3.51 -0.05 1.6 0.32 
43. 8.58 8 1.11 3.51 -0.05 1.6 0.43 
44. 1.11 3.51 1.11 3.51 -0.05 1.6 0.43 
45. 8.55 8.32 1.14 3.48 -0.05 1.48 0.07 
46. 8.55 8.32 1.14 3.48 -0.05 1.48 0.07 
47. 8.21 7.69 1.14 3.48 -0.05 1.48 0.07 
48. 8.08 7.21 1.36 3.38 -0.29 1 0.32 
49. 8.22 8.32 0.79 3.38 -0.29 1 0.32 
50. 8.65 7.8 1.1 3.45 -0.29 1 0.32 
51. 8.65 7.8 1.1 3.45 -0.29 1 0.32 
52. 8.61 7.34 0.71 3.1 -0.53 1.35 0.18 
53. 9.03 8.07 1.37 3.33 -0.77 0.86 0.18 
54. 8.61 8.07 1.37 3.33 -0.77 0.86 0.22 
55. 8.44 7.31 0.91 3.31 -0.7 0.37 0.28 
56. 8.87 7.5 1.15 3.6 -0.27 0.14 0.3 
57. 8.36 6.88 0.74 3.79 -0.96 -0.02 0.57 
58. 8.36 6.88 0.74 3.79 -0.7 0.37 0.28 
59. 8.66 7.31 1.02 3.95 -1.09 0.31 0.2 
60. 8.17 6.8 0.39 4.04 -0.59 0.39 0.57 
61. 8.17 6.8 0.39 4.04 -0.59 0.4 0.2 
62. 8.48 7.17 1.22 4.06 -1.29 -0.09 2.22045e-16 
63. 6.45 6.91 1.12 4.05 -1.29 -0.09 2.22045e-16 
64. 6.61 6.91 0.95 4.49 -1.12 1.15 0.6 
65. 8.48 7.17 1.22 4.06 -1.29 -0.09 2.22045e-16 
66. 6.57 7.43 1.25 3.6 -0.91 -0.1 -0.38 
67. 6.13 7.53 0.84 4.02 -1.12 0.08 0.26 
68. 5.74 7.21 1.53 4.76 -1.45 -0.34 0.23 
69. 5.83 7.38 0.51 4.25 -1.47 0.56 0.44 
70. 5.74 7.21 1.53 4.76 -1.45 -0.34 0.23 
71. 7.94 7.77 0.84 4.02 -1.45 -0.34 0.23 
72. 7.94 7.77 0.84 4.02 -1.45 -0.34 0.23 
73. 7.94 7.77 0.84 4.02 -1.45 -0.34 0.23 
74. 7.82 8.08 1.21 4.02 -1.45 -0.28 -0.07 
75. 7.82 8.08 1.21 4.02 -1.45 -0.28 -0.07 
76. 7.82 8.08 1.21 4.02 -1.45 -0.28 -0.07 
77. 7.69 8.08 1.21 4.02 -1.45 -0.28 -0.07 
78. 7.69 8.08 1.21 4.02 -1.45 -0.28 -0.07 
79. 7.65 8.44 1.62 4.33 -1.63 -0.58 0.07 
80. 8.57 7.62 0.75 4.48 -1.18 0.19 -0.33 
81. 7.68 7.97 1.26 4.36 -1.59 0.12 -0.51 
82. 8.43 4.79 1.5 4.06 -1.85 0.19 -0.47 
83. 8.43 4.79 1.5 4.06 -1.85 0.19 -0.47 
84. 8.57 4.79 1.5 4.06 -1.85 0.19 -0.47 
85. 8.57 4.79 1.5 4.06 -1.85 0.19 -0.47 
86. 8.57 4.79 1.5 4.06 -1.85 0.19 -0.47 
87. 8.43 4.79 1.5 4.06 -1.85 0.19 -0.47 
88. 8.85 5.18 1.5 4.21 -1.93 0.19 -0.64 
89. 8.85 5.18 1.5 4.06 -1.85 0.19 -0.47 
90. 8.43 4.79 1.5 4.06 -1.85 0.19 -0.4 
91. 8.82 5.55 1.79 3.72 -2.26 0.32 -0.52 
92. 4.73 5.55 1.79 3.72 -2.26 0.32 -0.52 
93. 4.73 5.55 1.79 3.72 -2.26 0.32 -0.52 
94. 4.73 5.55 1.79 3.72 -2.26 0.32 -0.4 
95. 1.78 5.87 2.01 3.98 -2.65 0.54 -0.08 
96. 1.78 5.87 2.01 3.98 -2.65 0.54 -0.08 
97. 1.78 5.87 2.01 3.98 -2.65 0.55 -0.24 
98. 1.78 5.87 2.01 3.98 -2.65 0.55 -0.24 
99. 1.78 5.87 2.01 3.98 -2.65 0.54 -0.08 
100. 1.78 5.87 2.01 3.98 -2.65 0.55 -0.08 
101. 1.78 5.87 2.48 3.63 -2.64 0.84 0.4 
102. 1.78 5.87 2.01 3.98 -2.65 0.55 0.4 
103. 1.78 5.87 2.01 3.98 -2.65 0.55 0.4 
104. 1.81 5.98 2.27 4.36 -2.61 0.69 0.88 
105. 1.81 4.92 2.44 2.42092e-322 0.4 -6.31219e-46 0.4 
106. 1.94 4.42 2.04 3.42 -3.52 0.81 0.2 
107. 2.07 4.92 2.44 2.42092e-322 0.4 -6.31219e-46 0.4 
108. 2.07 4.92 2.44 2.42092e-322 -3.15 -6.31219e-46 0.4 
109. 1.49 5.48 1.74 -0.07 -0.11 0.69 0.83 
110. 1.49 5.48 1.74 -0.07 -0.11 0.69 0.4 
111. 1.49 5.48 1.74 -0.07 -0.11 0.69 0.4 
112. 5.22 5.18 2.14 -0.47 -0.4 1.01 0.3 
113. 5.22 5.18 2.14 -0.47 -0.4 1.01 0.56 
114. 5.61 5.64 1.24 0.28 -0.38 1.18 1.02 
115. 5.61 5.64 2.14 -0.47 -0.4 1.01 0.3 
116. 5.64 5.64 1.24 0.28 -0.38 1.18 1.02 
117. 5.64 5.64 1.24 -0.38 -0.83 0.51 1.43 
118. 5.61 5.64 2.04 -0.38 -0.83 0.51 1.43 
119. 6 6.05 1.11 -0.03 -1.26 0.04 1.59 
120. 5.64 6.05 1.11 -0.03 -1.26 0.04 1.59 
121. 5.64 6.05 1.11 -0.03 -1.26 0.01 1 
122. 5.64 6.05 1.11 -0.03 -1.26 0.04 1.35 
123. 5.19 5.86 1.01 0.12 -0.69 0.11 1.35 
124. 6.38 6.05 0.78 -0.21 -1.47 0.25 0.89 
125. 5.36 6.26 0.8 0.17 -1.44 -0.03 0.71 
126. 5.71 6.44 1.5 -0.02 -1.47 0.25 1 
127. 5.93 6.46 0.31 -0.02 -1.47 0.25 1 
128. 5.53 5.94 1.09 0.25 -1.75 0.12 1.06 
129. 5.36 6.26 0.8 -0.02 -1.47 0.25 1 
130. 6.26 6.26 0.8 0.86 -1.92 0.17 1.2 
131. 6.24 6.75 0.99 0.86 -1.92 0.17 1.2 
132. 6.24 6.75 0.99 0.86 -1.92 0.25 1 
133. 1.24 7.08 1.25 0.98 -2.38 0.66 1.06 
134. 1.24 7.08 1.25 0.98 -2.38 0.66 1.06 
135. 6.63 6.01 0.77 0.98 -2.38 0.66 1.06 
136. 1.24 7.08 0.77 0.98 -2.38 0.66 1.06 
137. 6.63 6.01 0.77 0.98 -2.38 0.66 1.06 
138. 0.77 0.98 0.99 0.86 -2.38 0.66 1.06 
139. 0.23 6.21 0.66 1.05 -2.85 0.98 1.04 
140. 0.23 6.21 0.66 1.05 -2.85 0.98 1.04 
141. 6.21 6.21 0.66 1.05 -2.85 0.09 0.91 
142. 5.67 6.56 0.36 1.3 -2.91 0.22 0.72 
143. 6.5 6.35 0.56 1.46 -2.4 0.83 0.61 
144. 5.93 6.14 0.82 0.77 -3.26 0.71 1.1 
145. -3.26 0.71 1.1 2.42092e-322 -2.4 0.83 0.61 
146. -3.08 6.73 0.63 1.57 -3.2 1.19 1.07 
147. 6.45 6.68 0.8 -0.4 -2.68 0.82 0.92 
148. 6.34 6.13 0.78 -0.34 -2.38 0.85 1.5 
149. 6.19 6.52 0.19 0.45 -4.03 0.23 0.95 
150. 6.42 6.57 1.43 1.26 -3.67 0.42 1.12 
151. 6.35 6.21 1.43 1.26 -3.67 0.42 1.12 
152. 6.35 6.57 1.43 1.26 -3.67 0.42 1.12 
153. 6.6 6.68 1.21 1.28 -3.33 0.29 1.52 
154. 6.84 6.9 1.08 1.31 -3.76 0.01 0.84 
155. 5.43 6.94 1.05 1.68 -3.27 0.12 0.59 
156. 7.2 6.94 1.05 1.68 -3.27 0.12 0.59 
157. 5.43 6.94 1.05 1.68 -3.27 0.12 0.59 
158. 7.2 6.94 0.79 1.42 -3.99 0.86 1.05 
159. 6.57 7.03 0.79 1.42 -3.99 0.86 1.05 
160. 7.2 6.94 0.79 1.42 -3.55 0.86 0.59 
161. 6.82 6.78 0.8 1.75 -3.96 0.45 1.48 
162. 6.82 6.78 0.8 1.75 -3.96 0.76 1.48 
163. 7.3 6.78 0.8 1.75 -3.96 0.76 1.48 
164. 7.4 6.31 1.08 2.19 -3.6 0.9 1.09 
165. 7.3 6.78 1.08 2.19 -3.6 0.9 1.09 
166. 7.3 6.78 0.62 1.75 -3.96 0.57 1.14 
167. 6.92 6.78 0.8 1.75 -3.96 0.57 1.14 
168. 1.05 2.02 1.11 2.27 -4.07 0.57 1.38 
169. 6.53 6.39 0.9 2.47 -3.38 1.08 0.92 
170. 6.87 7.09 0.89 2.55 -3.41 1.05 0.9 
171. 6.87 7.09 0.89 2.55 -3.41 1.05 0.89 
172. 6.87 7.09 0.89 2.55 -3.41 1.05 0.9 
173. 6.87 7.09 0.89 2.55 -3.41 1.05 0.9 
174. 6.34 6.5 1.28 2.14 -3.64 1.24 0.69 
175. 6.06 6.6 1.29 2.08 -3.83 -0.48 0.9 
176. 5.68 7.06 1.35 1.64 0.74 -0.06 0.39 
177. 2.24 6.63 1.2 2.22 -3.78 -0.51 0.93 
178. 2.24 6.63 1.2 0.44 0.54 -0.44 0.89 
179. 6.16 6.61 1.69 2.39 -3.27 -0.31 0.82 
180. 1.75 6.63 1.2 0.44 0.54 -0.44 0.89 
181. 6.37 6.32 1.34 2.14 0.54 -0.44 0.89 
182. 6.37 6 1.91 0.76 -3.2 -0.16 0.64 
183. 6.37 6 1.91 0.76 -3.2 -0.17 0.64 
184. 5.97 5.84 1.54 0.71 -3.49 -0.3 0.92 
185. 6.1 6.42 1.64 1.23 -2.95 -0.14 0.42 
186. 6.37 6 1.91 0.88 -3.43 -0.43 0.75 
187. 6.02 6.42 1.64 1.23 -3.43 -0.43 0.75 
188. 6.61 5.65 1.79 0.77 -3.49 -0.14 0.41 
189. 6.37 6 1.91 0.88 -3.43 -0.43 0.75 
190. 6.37 6 1.91 0.45 -3.47 -0.7 0.64 
191. 6.37 6 1.91 0.45 -3.43 -0.43 0.75 
192. 6.37 0.64 0.750001 2.42092e-322 -3.43 -0.43 0.75 
193. 6.65 5.94 2.11 1.26 -3.78 -0.14 0.69 
194. 5.89 5.69 2.16 1.03 -3.78 -0.14 0.69 
195. 6.76 5.59 2.16 1.03 -3.62 -0.8 1.1 
196. 6.37 0.64 0.750001 2.42092e-322 -3.43 -0.43 0.75 
197. 6.7 5.85 0.750001 2.42092e-322 -3.43 -0.43 0.75 
198. 5.89 5.69 2.16 1.26 -3.42 -0.09 0.42 
199. 6.7 5.85 0.750001 2.42092e-322 -3.43 -0.43 0.75 
200. 7.13 6.07 0.970001 0.03 -3.34 0.02 0.26 
201. 5.45 5.69 0.750001 2.42092e-322 -3.43 -0.43 0.26 
202. 0.26 0 0.750001 2.42092e-322 4.66132e-310 0.02 0.26 
203. 0.26 0 0.750001 2.42092e-322 4.66132e-310 0.02 0.26 
204. 0.19 -0.01 0.370001 0.07 -0.45 0.02 0.38 
205. 6.7 5.85 0.750001 2.42092e-322 -3.43 -0.43 0.26 
206. 6.49 6.16 0.670001 0.49 -3.1 -0.3 0.66 
207. 7.01 6.07 0.520001 0.49 -3.1 -0.3 0.66 
208. 7.01 6.07 0.520001 0.49 -3.1 -0.3 0.66 
209. 7.01 6.07 0.520001 0.49 -3.1 -0.3 0.66 
210. -0.72 0.57 0.9 -0.35 0.49 -0.17 0.76 
211. 7.01 6.07 0.520001 0.49 -3.1 -0.6 0.83 
212. -0.3 0.66 0.759889 2.42092e-322 4.66132e-310 -0.6 0.83 
213. 6.07 6.07 0.520001 0.49 -3.1 -0.3 0.66 
214. 7.01 6.07 0.759889 2.42092e-322 4.66132e-310 -0.6 0.83 
215. 6.97 6.17 0.250001 0.27 -3.46 -0.94 0.37 
216. 5.77 6.33 0.560001 0.92 -2.84 -0.25 0.94 
217. 5.77 6.33 0.560001 0.92 -2.84 -0.81 0.63 
218. 7.16 6.33 0.560001 0.92 -2.84 -0.81 0.63 
219. 6.89 6.33 0.560001 0.92 -2.84 -0.81 0.63 
220. 6.89 6.33 0.560001 0.92 -2.84 -0.81 0.63 
221. 1.32 6.33 0.560001 0.92 -2.84 -0.81 0.63 
222. 7.16 6.33 0.560001 0.92 -2.84 -0.81 0.63 
223. 7.16 6.33 0.560001 0.92 -2.84 -0.81 0.63 
224. 6.33 6.33 0.560001 0.92 -2.84 -0.81 0.49 
225. 7.16 6.33 0.560001 0.18 -2.55 -1.45 0.33 
226. 7.16 6.33 0.560001 0.18 -2.55 -1.45 0.33 
227. 5.86 6.7 0.510001 0.92 -3.09 -1.35 -0.17 
228. 6.33 6.33 0.560001 0.92 -2.84 -0.81 0.49 
229. 7.16 6.33 0.560001 0.92 -2.84 -0.81 0.49 
230. 6.33 6.33 0.560001 0.92 -2.84 -0.81 0.49 
231. 6.69 6.76 0.240001 1.48 -3.42 -0.24 0.1 
232. 7.65 6.09 0.700001 0.68 -3.42 -0.24 0.1 
233. 7.65 6.09 0.700001 0.68 -3.42 -0.24 0.1 
234. 7.65 6.09 0.700001 0.68 -3.42 -0.24 0.1 
235. 7.21 5.84 0.690001 0.28 -3.38 -0.73 0.94 
236. 7.21 5.84 0.690001 0.68 -3.38 -0.29 0.5 
237. 7.21 5.84 0.690001 0.28 -3.38 -0.29 0.5 
238. 7.48 5.72 1.24 0.23 -3.66 -0.05 0.76 
239. 7.69 6.41 1.28 0.23 -3.66 -0.05 0.76 
240. 7.48 5.72 1.24 0.23 -0.21 0.24 0.65 
241. 7.69 6.41 1.28 0.23 -3.66 -0.63 0.99 
242. 7.56 6.6 1.5 0.99 -3 -0.79 0.96 
243. 7.48 5.72 1.5 0.99 -3 -0.79 0.96 
244. 7.08 5.45 0.800001 0.99 -3 -0.79 0.96 
245. 7.08 5.45 0.800001 0.99 -3 -0.79 0.96 
246. 5.45 6.34 1.74 0.99 -3 -0.79 0.96 
247. 5.21 6.79 2.16 1.22 -3.03 -0.31 0.98 
248. 5.89 6.19 1.15 1.48 -2.72 -0.46 0.84 
249. 5.45 6.03 2.37 1.26 -3.37 -0.17 0.8 
250. 5.82 6.21 1.88 0.78 -3.38 -0.4 0.8 
251. 6.68 6.2 1.65 0.79 -3.15 -0.24 0.18 
252. 6.21 6.03 2.37 0.78 -3.38 -0.4 0.58 
253. 6.2 6.21 1.88 0.78 -3.38 -0.4 0.58 
254. 6.56 0.79 1.88 0.78 -3.38 -0.4 0.58 
255. 5.98 6.14 1.54 0.96 -3.13 -0.01 0.42 
256. 6.08 5.97 2.08 0.38 -3.38 -0.4 0.58 
257. 6.56 6.21 1.88 0.78 -3.38 -0.4 0.58 
258. 6.21 6.21 1.88 0.78 -3.38 -0.4 0.58 
259. 6.56 6.21 1.88 0.78 -3.38 -0.4 0.58 
260. -0.4 0.58 0.58 2.42092e-322 1.13787e-313 -0.4 0.58 
261. 6.21 6.21 1.88 0.78 -3.38 -0.4 0.58 
262. 6.56 6.21 2.08 0.78 -3.38 -0.4 0.58 
263. 6.21 6.21 2.08 0.78 -3.38 -0.4 0.58 
264. 6.66 6.55 1.78 1.11 -3.58 -0.05 0.86 
265. 7.03 6.68 2 0.95 -3.27 -0.5 0.33 
266. 6.21 6.21 2.08 0.78 -3.38 -0.4 0.58 
267. 6.68 6.21 2.08 0.78 -3.38 -0.4 0.58 
268. 5.79 6.71 2.38 0.78 -3.38 -0.4 0.58 
269. 6.68 6.21 2.08 0.78 -3.38 -0.4 0.58 
270. 5.79 6.71 2.38 0.78 -3.38 -0.4 0.58 
271. 5.79 6.71 2.08 0.78 -3.38 -0.4 0.58 
272. 5.88 6.88 2.54 0.89 -3.25 -0.04 0.41 
273. 7.01 6.97 1.89 0.9 -4.03 -0.23 0.65 
274. 7.29 7.37 2.35 0.4 -3.57 -0.67 0.6 
275. 5.65 6.6 2.37 0.34 -3.25 -0.04 0.66 
276. 6.33 6.44 2.04 0.91 -3.78 -0.65 0.75 
277. 6.71 6.44 2.04 0.91 -3.78 -0.65 0.75 
278. 5.65 6.6 2.04 0.91 -3.78 -0.65 0.75 
279. 6.33 6.44 2.04 0.91 -3.78 -0.65 0.75 
280. 6.6 6.6 2.37 0.91 -3.78 -0.65 0.75 
281. 6.98 6.92 2.67 0.77 -3.4 -0.6 0.44 
282. 6.98 6.92 2.67 0.77 -3.4 -0.6 0.44 
283. 6.6 6.92 2.67 0.77 -3.4 -0.6 0.44 
284. 6.47 7.1 2.21 0.56 -2.94 -0.56 0.66 
285. 6.98 6.92 2.67 0.77 -3.4 -0.6 0.44 
286. 6.51 6.09 2.55 0.63 -2.61 -0.77 1.03 
287. 6.47 6.09 2.55 0.63 -2.61 -0.77 1.03 
288. 6.54 6.31 2.61 0.3 -2.71 -0.5 0.25 
289. 6.47 7.1 2.21 0.56 -2.61 -0.77 1.03 
290. 6.54 6.31 2.61 0.56 -2.61 -0.77 1.05 
291. 6.55 7.4 1.88 0.75 -2.82 -0.42 1.13 
292. 6.62 7.36 1.72 0.16 -2.62 -1.11 1.05 
293. 7.1 1.44 1.13981 -0.16 -0.01 -0.38 0.73 
294. 7.1 7.4 1.72 0.16 -2.62 -1.11 0.92 
295. 7.1 6.31 2.61 0.56 -2.61 -0.38 0.73 
296. 7.1 6.31 2.61 0.56 -2.61 -0.77 1.05 
297. 6.55 7.4 2.61 0.56 -2.61 -0.77 1.05 
298. 6.55 7.4 2.61 0.56 -2.61 -0.77 1.05 
299. 6.55 7.4 2.61 0.56 -2.61 -0.77 1.05 
300. 7.1 6.31 2.61 0.56 -2.61 -0.77 1.05 
301. 7.1 6.31 2.61 0.56 -2.61 -0.77 1.05 
302. 7.05 5.9 2.82 0.94 -2.37 -0.95 0.61 
303. 7.05 5.9 2.82 0.94 -2.37 -0.95 1.05 
304. 7.1 6.31 2.61 0.56 -2.61 -0.77 1.05 
305. 7.1 6.31 2.61 0.56 -2.61 -0.77 1.05 
306. 7.1 5.9 2.82 0.94 -2.37 -0.77 1.05 
307. 7.05 5.9 2.82 0.94 -2.37 -0.77 1.05 
308. 6.79 6.09 2.77 0.89 -2.07 -0.43 1.44 
309. 6.79 6.09 2.77 0.89 -2.07 -0.43 1.44 
310. 6.79 5.65 2.55 0.68 -2.07 -0.43 1.44 
311. 7.11 6.01 2.63 0.81 -1.81 -0.65 0.84 
312. 6.21 6.08 2.15 0.81 -1.81 -0.65 0.84 
313. 6.21 5.7 1.66 -0.19 -1.72 -0.12 0.76 
314. 7.46 5.57 1.91 0.09 -1.88 -0.56 1.07 
315. 1.82 0.87 1.66 -0.19 -1.72 -0.12 0.76 
316. 1.82 5.57 1.91 0.09 -1.88 -0.56 1.07 
317. 1.82 5.57 2.06 -0.59 -2.22 -0.39 0.99 
318. 7 5.59 1.34 0.33 -1.38 -0.24 0.71 
319. 7 5.59 1.34 0.33 -1.38 -0.24 0.71 
320. 1.04 6.03 2.12 -1.2 -1.71 -0.24 0.71 
321. 1.69 5.49 1.76 0.39 -1.32 -0.75 0.77 
322. 1.69 5.49 1.76 -1.47 -2.88 -0.71 0.77 
323. 7.3 5.49 1.76 -1.47 -2.88 -0.71 0.77 
324. 1.62 5.66 1.82 -1.58 -2.48 0.32 1.38 
325. 7.3 5.95 1.64 -1 -2.13 -0.47 0.56 
326. 7.3 5.95 1.64 -1 -2.13 -0.47 0.56 
327. 7.3 5.95 1.64 -1 -2.13 -0.08 0.56 
328. 7.3 5.95 1.64 -0.99 -2.3 -0.34 0.19 
329. 6 6.45 1.6 -0.5 -2.35 0.04 0.7 
330. 6 6.45 1.6 -0.5 -2.35 0.04 0.7 
331. 7.3 5.95 1.6 -0.5 -2.35 0.04 0.7 
332. 6.69 6.45 1.6 -0.5 -2.35 -0.3 -0.29 
333. 7.03 5.92 1.59 -0.85 -2.09 0.14 -0.29 
334. 7.03 5.92 1.59 -0.85 -2.09 0.14 -0.29 
335. 7.03 5.92 1.59 -0.85 -2.09 0.14 -0.29 
336. 7.03 5.92 1.59 -0.85 -2.09 0.14 -0.29 
337. 7.03 5.92 1.59 -0.85 -2.09 0.14 -0.29 
338. 7.03 5.92 1.59 -0.85 -2.09 0.14 -0.29 
339. 6.72 6.1 1.97 -1.01 -2.09 0.14 -0.29 
340. 6.73 6.1 1.66 -0.95 -2.54 0.14 -0.29 
341. 7.14 6.15 1.69 -0.5 -2.94 0.96 -1.02 
342. 6.03 6.58 1.77 -0.96 -2.2 1.32 -0.98 
343. 6.1 6.1 1.77 -0.96 -2.2 1.32 -0.98 
344. 7.14 6.15 1.69 -0.5 -2.94 0.96 -0.98 
345. 6.86 5.8 1.54 -1.15 -2.44 1.8 -1.31 
346. 7.14 6.15 1.69 -0.5 -2.94 0.96 -0.98 
347. 6.87 5.71 2.12 -0.21 -3.19 1.28 -0.74 
348. 7.14 6.15 1.69 -0.5 -3.19 1.04 -1.17 
349. 7.14 6.15 1.69 -0.13 -3.19 1.04 -0.74 
350. 7.09 6.15 1.69 -0.13 -3.19 1.04 -0.74 
351. 6.43 5.97 1.6 -0.17 -3.36 1.33 -0.9 
352. 7.14 6.15 1.69 -0.17 -3.36 1.33 -0.9 
353. 6.98 5.84 2.26 -0.16 -4.03 0.53 -1.37 
354. 6.84 6.39 1.28 -0.18 -2.99 0.95 -1.15 
355. 6 5.76 1.35 0.17 -2.73 0.8 -1.47 
356. 6 6.39 1.28 0.28 -3.59 1.22 -1.34 
357. 6.41 6.28 1.64 -0.25 -3.36 1.67 -1.47 
358. 6 6.39 1.28 0.28 -3.59 1.67 -1.47 
359. 6.41 6.28 1.64 -0.25 -3.36 1.67 -1.47 
360. 6.41 6.28 1.64 -0.25 -3.36 0.97 -1.23 
361. 6.41 6.28 1.64 -0.25 -3.6 1.17 -1.32 
362. 6.41 6.28 1.64 -0.25 -3.6 1.17 -1.32 
363. 5.91 6.28 1.64 -0.25 -3.36 0.97 -1.32 
364. 6.35 6.31 1.44 0.15 -4.16 0.74 -1.62 
365. 6.44 6.31 1.44 0.15 -4.16 0.74 -1.62 
366. 6.9 6.01 0.950001 0.07 -4.2 0.95 -1.48 
367. 6.54 6.29 1.78 -0.31 -3.37 0.9 -1.97 
368. 6.33 6.49 1.55 0.53 -4.16 0.68 -2.27 
369. 6.44 6.61 1.36 0.53 -4.16 0.68 -2.27 
370. 6.02 6.81 0.860001 0.85 -4.17 0.81 -2.69 
371. 6.45 6.18 1.77 0.41 -3.9 0.3 -2.14 
372. 6.04 6.33 2.24 0.07 -3.42 0.5 -2.36 
373. 6.8 5.85 1.87 0.09 -4.33 0.32 -2 
374. 6.04 6.33 2.24 0.73 -4.08 0.55 -1.68 
375. 6.04 6.33 2.24 0.73 -3.42 0.5 -2.36 
376. 6.31 6.19 1.79 0.95 -3.95 0.25 -2 
377. 6.73 6.98 2.48 0.38 -3.68 0.58 -2.06 
378. 6.92 7.17 2.05 1.15 -3.27 0.64 -1.24 
379. 6.92 7.17 2.05 1.15 -3.27 0.64 -1.24 
380. 7.47 6.99 2 1.06 -3.7 0.44 -1.27 
381. 7.17 6.99 2 1.06 -3.7 0.44 -1.27 
382. 7.47 6.99 2 0.74 -3.48 0.45 -1.27 
383. 7.47 6.99 2 0.74 -3.48 0.45 -1.27 
384. 7.17 6.99 2 1.06 -3.48 0.45 -1.27 
385. 7.58 7.16 1.43 0.49 -3.18 0.89 -1.24 
386. 7.48 6.76 1.43 0.49 -3.18 0.89 -1.24 
387. 7.17 6.99 2.32 1.24 -2.88 0.16 -1.84 
388. 7.58 7.16 1.43 0.49 -3.18 0.89 -1.24 
389. 7.58 7.16 1.43 0.49 -3.18 0.89 -1.24 
390. 7.58 7.16 1.43 0.49 -3.18 0.89 -1.24 
391. 7.58 6.99 1.43 0.49 -3.18 0.89 -1.24 
392. 7.17 6.99 1.43 0.49 -3.18 0.89 -1.24 
393. 7.94 7.21 1.29 0.89 -2.87 0.85 -0.95 
394. 7.59 6.26 1.06 1.01 -2.68 1.03 -1.51 
395. 7.82 6.49 1.43 0.49 -3.18 1.16 -1.36 
396. 6.49 6.49 1.43 0.49 -3.18 1.16 -1.36 
397. 7.59 6.26 1.06 1.01 -2.68 1.03 -0.81 
398. 7.59 6.26 1.06 1.01 -2.68 1.03 -0.81 
399. 7.95 6.63 1.67 0.87 -2.24 1.33 -0.93 
400. 7.59 6.26 1.06 1.01 -2.68 1.03 -0.81 
401. 5.99 6.21 0.670001 1.13 -3.04 0.76 -1.16 
402. 5.99 6.21 0.670001 1.13 -3.04 0.76 -1.16 
403. 5.99 6.21 0.670001 1.13 -3.04 0.98 -0.98 
404. 5.77 6.67 0.990001 0.71 -3.18 0.74 -0.69 
405. 5.41 5.73 0.910001 1.58 -2.99 0.79 -1.38 
406. 5.41 5.73 0.910001 1.14 -3.28 1.16 -0.6 
407. 5.99 5.73 0.910001 1.14 -3.28 1.16 -0.6 
408. 6.45 6.62 1.02 0.76 -3.06 1.04 -0.58 
409. 5.41 5.73 0.910001 1.14 -3.28 1.16 -0.85 
410. 5.73 6.2 0.750001 1.35 -3.28 1.16 -0.6 
411. 6.25 6.4 0.270001 1.51 -3.58 0.99 -0.55 
412. 6.2 6.4 0.270001 1.51 -3.58 0.99 -0.55 
413. 5.41 6.2 0.750001 1.35 -3.58 0.99 -0.55 
414. 6.2 6.4 0.270001 1.51 -3.58 0.99 -0.55 
415. 6.23 6.46 0.130001 1.09 -3.19 1.12 -0.98 
416. 6.51 6.57 0.090001 1.25 -2.93 1.44 -1.18 
417. 6.51 6.57 0.090001 1.25 -2.93 1.44 -1.18 
418. 6.46 6.4 0.270001 1.51 -3.58 0.99 -1.3 
419. 6.02 6.39 -0.139999 1.1 -3.82 0.76 -0.9 
420. 6.35 6.87 0.350001 0.91 -3.06 0.87 -1.32 
421. 7.2 6.14 0.100001 0.16 -3.38 1.01 0.17 
422. 6.11 6.39 0.730001 0.6 -3.33 0.87 -1.32 
423. 6.11 6.14 0.100001 0.16 -3.38 1.01 0.17 
424. 6.11 6.14 0.110001 0.09 -3.18 0.91 -0.16 
425. 6.11 6.14 0.110001 0.09 -3.38 1.01 0.17 
426. 7.26 6.4 0.150001 0.01 -3.19 1.73 -0.16 
427. 7.5 6.27 -0.179999 0.22 -3.38 1.01 0.17 
428. 6.27 6.14 -0.179999 0.22 -3.38 1.01 0.17 
429. 7.28 6.48 -0.649999 0.21 -3.15 1.24 0.07 
430. 7.5 6.27 -0.179999 0.22 -3.38 1.01 0.17 
431. 7.13 6.07 -0.109999 -5.55112e-16 -3.46 0.52 0.03 
432. 7.5 6.4 0.160001 0.38 -3.78 1.39 -0.22 
433. 7.64 6.4 0.160001 0.38 -3.78 1.39 -0.22 
434. 7.64 6.4 0.160001 0.38 -3.78 1.39 -0.22 
435. 6.4 6.4 0.160001 0.38 -3.73 1.04 -0.44 
436. 6.4 6.39 0.630001 -5.55112e-16 -3.49 1.56 -0.68 
437. 6.6 6.54 0.560001 0.07 -3.7 1.15 -1.04 
438. 6.39 6.4 0.630001 -5.55112e-16 -3.49 1.56 -0.44 
439. 6.39 6.4 0.630001 -5.55112e-16 -3.49 1.56 -0.44 
440. 5.92 6.4 0.630001 -5.55112e-16 -3.49 1.56 -0.44 
441. 6.6 6.87 0.490001 0.42 -3.7 1.15 -0.44 
442. 5.96 6.73 0.420001 -0.3 -3.68 1.34 -0.76 
443. 5.96 6.73 0.420001 -0.3 -3.7 1.15 -0.44 
444. 5.96 6.4 0.630001 -5.55112e-16 -3.49 1.56 -0.44 
445. 5.61 5.99 0.450001 -0.6 -3.7 1.12 -0.69 
446. 5.61 5.99 0.450001 -0.6 -3.7 1.15 -0.44 
447. 6.54 6.4 0.630001 -0.3 -3.7 1.12 -0.69 
448. 6.54 6.4 0.630001 -0.3 -3.7 1.12 -0.69 
449. 6.6 5.85 0.430001 -1.04 -3.39 1.08 -0.67 
450. 6.44 5.85 0.430001 -1.04 -3.39 1.08 -0.67 
451. 6.44 6.38 0.630001 -0.3 -3.7 1.47 -0.64 
452. 6.42 6.66 0.920001 -0.35 -3.46 1.52 -0.98 
453. 6.54 6.19 0.450001 -0.61 -3.78 0.75 -0.16 
454. 7.13 6.6 1.22 -1.04 -3.39 1.08 -0.67 
455. 6.48 6.91 1.27 -0.62 -3.19 0.64 -0.81 
456. 6.17 6.4 0.830001 -0.92 -3.62 0.34 0.18 
457. 6.69 6.85 0.830001 -0.92 -3.62 0.34 -0.67 
458. 6.17 6.85 0.830001 -0.92 -3.62 0.34 0.18 
459. 6.69 6.85 0.830001 -0.92 -3.62 0.34 0.18 
460. 6.05 6.74 0.500001 -0.79 -3.23 0.09 -0.03 
461. 0.34 0.18 0.179993 2.42092e-322 0.34 0.42 0.59 
462. 7.08 7.17 1.15 -1.11 -3.71 0.42 0.18 
463. 6.36 7.24 0.490001 -0.87 -4 0.48 0.53 
464. 6.37 6.6 0.710001 -0.67 -3.78 0.64 -0.18 
465. 6.36 7.24 0.490001 -0.87 -4 0.48 0.18 
466. 6.85 6.85 0.490001 -0.87 -4 0.48 0.18 
467. 6.36 6.85 0.830001 2.42092e-322 0.42 0.42 0.18 
468. 6.36 6.85 0.830001 2.42092e-322 -4 0.48 0.18 
469. 6.28 6.44 0.450001 -0.91 -3.53 0.78 -0.54 
470. 6.36 6.85 0.270001 -1.23 -3.53 0.78 -0.54 
471. 6.4 6.82 0.270001 -1.23 -3.53 0.78 -0.54 
472. 6.36 6.85 0.270001 -1.23 -3.53 0.78 -0.54 
473. 6.36 6.85 0.420001 -1.23 -3.53 0.78 -0.54 
474. 6.4 6.82 0.270001 -1.23 -3.53 0.78 -0.54 
475. 6.02 6.85 0.730001 -1.46 -3.77 0.74 -0.73 
476. 6.37 6.99 0.450001 -1.03 -3.62 0.8 -0.73 
477. 6.76 6.7 0.120001 -1.13 -3.46 1.09 -0.82 
478. 6.37 6.99 0.450001 -1.03 -3.62 0.8 -0.9 
479. 6.37 6.99 0.450001 -1.03 -3.77 0.74 -0.73 
480. 6.37 6.99 0.450001 -1.03 -3.77 0.74 -0.73 
481. 6.37 6.99 0.450001 -1.03 -3.77 0.74 -0.73 
482. 6.81 7.3 0.310001 -1.18 -3.57 0.94 -1.02 
483. 6.1 7 0.760001 -1.57 -4.03 0.95 -1.49 
484. 5.46 6.66 0.710001 -1.39 -4.46 1.15 -1.1 
485. 5.91 6.77 1.18 -1.15 -3.11 0.54 -1.59 
486. 5.46 6.66 0.710001 -1.39 -3.39 0.47 -1.16 
487. 5.91 6.77 1.18 -1.15 -3.11 0.54 -1.59 
488. 5.75 6.79 1.25 -1.46 -3.41 0.71 -1.24 
489. 5.02 7.19 0.280001 -1.12 -3.41 0.71 -1.24 
490. 6.7 6.32 0.810001 -1.31 -3.48 0.23 -0.84 
491. 5.02 7.19 0.810001 -1.31 -3.48 0.23 -0.84 
492. 5.02 6.32 0.810001 -1.31 -3.48 0.23 -0.84 
493. 5.19 6.51 1 -0.94 -3.73 0.95 -0.8 
494. 4.69 5.93 0.680001 -1.2 -3.27 -0.14 -1.28 
495. 5.19 6.32 0.810001 -1.31 -3.48 0.23 -1.09 
496. 5.19 6.51 1 -0.94 -3.73 0.23 -0.84 
497. 5.19 6.32 0.810001 -1.31 -3.48 0.23 -0.84 
498. 5.19 6.51 1 -1.31 -3.48 0.23 -0.84 
499. 4.88 6.55 0.370001 -1.42 -3.74 -0.07 -1.26 
500. 4.88 6.55 0.370001 -1.42 -3.74 -0.07 -1.26 
501. 4.61 7.15 1.27 -1.42 -3.74 -0.07 -1.26 
502. 4.88 6.55 0.370001 -1.42 -3.74 -0.02 -1.26 
503. 4.16 7.56 0.370001 -1.42 -3.74 -0.02 -1.26 
504. 4.16 7.56 0.370001 -1.42 -3.74 -0.02 -1.26 
505. 6.55 6.55 0.260001 -1.56 -3.89 -0.48 -0.94 
506. 6.92 6.64 0.260001 -1.56 -3.89 -0.48 -0.94 
507. 4.87 6.67 0.680001 -1.57 -3.48 -0.91 -0.71 
508. 4.49 6.75 0.980001 -2.04 -3.05 -0.69 -0.67 
509. 4.78 6.67 0.640001 -1.9 -4.1 0.37 -1.31 
510. 4.49 6.55 0.370001 -1.42 -3.74 -0.02 -0.67 
511. 6.51 6.97 0.450001 -1.46 -3.81 -0.16 -0.2 
512. 4.59 7.07 0.370001 -1.18 -3.46 -0.66 -0.29 
513. 4.78 6.55 0.450001 -1.46 -3.81 -0.16 -0.2 
514. 4.8 6.3 0.560001 -1.5 -3.48 0.03 0.1 
515. 4.59 7.07 0.370001 -1.18 -3.46 -0.16 -1.48 
516. 7.4 7.07 0.370001 -1.49 -3.41 0.21 -1.11 
517. 4.94 6.79 0.430001 -1.23 -3.54 0.2 -1.07 
518. 7.4 7.2 0.220001 -1.13 -3.2 -0.16 -1.48 
519. 7.4 7.2 0.740001 -1.42 -3.28 0.55 -1.49 
520. 7.4 7.2 0.740001 -1.42 -3.28 0.55 -1.49 
521. 7.63 6.95 0.780001 -1.9 -3.2 0.69 -1.23 
522. 7.4 6.82 0.780001 -1.9 -3.2 0.69 -1.23 
523. 6.84 7.33 0.610001 -1.37 -2.88 0.06 -1.42 
524. 6.84 7.33 0.610001 -1.37 -2.88 0.06 -1.42 
525. 7.12 7.09 0.300001 -1.63 -3.2 -0.07 -1.72 
526. 6.84 7.33 0.610001 -1.63 -3.2 -0.07 -1.72 
527. 6.84 7.44 0.630001 -1.41 -2.46 0.22 -1.49 
528. 6.84 7.44 0.630001 -1.41 -2.46 0.22 -1.49 
529. 6.89 6.88 0.490001 -1.26 -2.38 0.51 -1.51 
530. 6.85 7.09 0.430001 -0.89 -2.66 0.13 -1.94 
531. 7.12 6.92 1.1 -1.12 -2.45 0.44 -1.94 
532. 6.89 6.88 0.490001 -1.26 -2.45 0.44 -1.49 
533. 6.89 6.88 0.490001 -1.26 -2.45 0.44 -1.49 
534. 6.89 6.88 0.490001 -1.26 -2.45 0.44 -1.49 
535. 6.89 6.88 0.490001 -1.26 -2.45 0.44 -1.49 
536. 6.89 6.88 0.490001 -1.26 -2.45 0.44 -1.49 
537. 6.76 7.08 0.430001 -2.08 -2.07 0.39 -1.49 
538. 7.03 7.07 0.400001 -1.07 -1.98 0.02 -1.81 
539. 6.91 6.99 0.820001 -1.07 -1.98 0.02 -1.81 
540. 6.58 7.15 1.27 -1.75 -2.23 0.69 -1.92 
541. 6.91 6.99 0.400001 -1.07 -1.98 0.02 -1.92 
542. 6.91 6.99 0.400001 -1.07 -1.98 0.02 -1.81 
543. 6.59 7.02 0.090001 -0.71 -1.89 -0.14 -1.8 
544. 6.91 6.99 0.070001 -0.77 -1.97 -0.13 -1.74 
545. 6.91 6.99 0.070001 -0.71 -1.89 -0.14 -1.8 
546. 6.91 7.11 0.440001 -0.19 -1.85 0.04 -2.23 
547. 6.46 6.94 -0.059999 -0.56 -2.27 -0.42 -2 
548. 6.91 7.11 0.440001 -0.19 -1.85 0.04 -2.23 
549. 7.05 7.11 0.440001 -0.19 -1.85 0.04 -2.23 
550. 7.5 6.76 0.740001 -0.63 -1.57 0.15 -1.9 
551. 7.05 7.11 0.740001 -0.63 -1.57 0.15 -1.9 
552. 7.16 6.89 0.910001 -0.93 -1.36 -0.22 -2.08 
553. 7.13 6.5 1.04 -0.63 -1.57 0.15 -2 
554. 6.8 6.17 0.760001 -0.74 -1.16 0.83 -1.96 
555. 7.44 6.47 0.990001 0.02 -1.51 1.21 -2.04 
556. 7.54 6.47 0.990001 0.02 -1.51 1.21 -2.04 
557. 7.54 6.47 0.980001 -0.38 -1.61 0.83 -1.96 
558. 7.54 6.47 0.990001 0.02 -1.51 1.21 -1.96 
559. 7.54 6.39 0.980001 -0.38 -1.51 1.21 -1.96 
560. 7.48 6.86 1.18 -0.31 -1.35 1.67 -1.88 
561. 7.54 6.86 1.18 -0.31 -1.35 1.67 -1.88 
562. 7.54 6.86 1.18 -0.31 -1.35 1.67 -1.96 
563. 7.54 6.86 1.45 -0.08 -0.97 0.79 -1.88 
564. 7.54 6.86 1.45 -0.08 -0.97 0.79 -1.88 
565. 7.54 6.86 1.45 -0.08 -0.97 0.79 -1.88 
566. 7.35 6.49 1.93 0.04 -1.43 0.92 -1.43 
567. 7.35 6.49 1.93 0.04 -1.43 0.92 -1.43 
568. 7.09 6.19 2.1 -0.22 -1.11 0.82 -1.52 
569. 7.09 6.19 2.1 -0.22 -1.11 0.82 -1.52 
570. 7.35 6.49 2.1 -0.22 -1.11 0.82 -1.52 
571. 6.49 6.19 2.1 -0.22 -1.11 0.82 -1.52 
572. 6.49 6.19 2.1 -0.22 -1.11 0.82 -1.52 
573. 6.49 6.19 2.1 -0.63 -0.86 0.62 -1.98 
574. 6.49 6.19 2.1 -0.22 -1.11 0.82 -1.52 
575. 6.49 6.19 2.1 -0.22 -1.11 0.82 -1.52 
576. 6.49 6.19 2.1 -0.22 -1.11 0.82 -1.52 
577. 6.49 6.19 2.1 -0.22 -1.11 1.21 -1.99 
578. 6.84 6.57 2.32 0.08 -1.37 0.88 -1.45 
579. 6.91 6.26 2.1 -0.22 -1.37 0.88 -1.45 
580. 6.84 6.26 2.1 -0.22 -1.11 0.82 -1.52 
581. 6.84 6.26 2.1 -0.22 -1.11 0.82 -1.52 
582. 5.92 6.55 2.12 0.01 -1.48 0.94 -1.21 
583. 6.21 6.32 1.77 -0.21 -1.75 0.64 -1.6 
584. 5.92 6.55 2.12 0.01 -1.48 0.94 -1.45 
585. 5.92 6.55 2.12 0.01 -1.48 0.94 -1.45 
586. 5.92 6.55 2.12 0.01 -1.48 0.94 -1.45 
587. 7.36 6.29 1.39 -0.03 -1.95 0.6 -1.4 
588. 5.92 6.87 2.13 0.22 -1.95 0.6 -1.4 
589. 5.92 6.87 2.13 0.22 -1.95 0.6 -1.4 
590. 5.69 7.29 1.91 0.3 -1.2 0.88 -1.83 
591. 5.92 6.87 2.13 0.22 -1.47 0.88 -1.83 
592. 5.83 6.92 1.83 0.66 -1.27 0.76 -1.02 
593. 5.92 6.87 2.13 0.22 -1.2 1 -1.36 
594. 6.2 6.86 1.74 -0.19 -1.27 0.54 -0.99 
595. 6.87 6.87 2.13 0.22 -1.2 0.88 -1.36 
596. 6.2 6.87 2.13 0.22 -1.2 0.88 -1.83 
597. 6.2 6.87 2.13 0.03 -1.21 1.27 -2.04 
598. 6.36 7.31 1.64 -0.08 -1.6 1.65 -1.57 
599. 6.36 7.31 1.64 -0.08 -1.6 1.65 -1.57 
600. 6.87 7.34 1.91 -0.08 -1.6 1.65 -1.57 
601. 5.86 7.22 1.97 0.46 -1.73 0.35 -1.43 
602. 7.29 7.1 2.25 0.54 -2.23 0.27 -1.61 
603. 6.17 7.46 2.44 0.54 -1.77 0.67 -1.82 
604. 7.29 7.1 2.25 0.54 -2.23 0.27 -1.61 
605. 5.88 7.11 2.25 0.77 -1.93 0.02 -1.44 
606. 5.89 7.75 2.07 0.55 -1.97 -0.16 -1.21 
607. 7.03 7.14 2.52 0.15 -1.6 0.47 -1.91 
608. 6.52 6.99 1.66 0.48 -1.8 -0.04 -1.7 
609. 6.52 6.99 1.66 0.48 -1.8 -0.04 -1.7 
610. 7.03 7.14 1.66 0.48 -1.8 -0.04 -1.7 
611. 7.23 6.97 1.45 0.3 -1.42 -0.33 -1.96 
612. 7.63 6.57 1.9 0.5 -1.07 0.14 -1.71 
613. 7.21 6.49 2.92 -0.02 -1.74 0.53 -1.96 
614. 6.58 7.13 0.960001 0.32 -1.77 -0.69 -1.66 
615. 7.03 7.14 2.92 0.3 -1.42 -0.33 -1.96 
616. 7.54 7.14 2.92 0.3 -1.42 -0.33 -1.96 
617. 7.03 7.14 2.92 0.21 -1.8 -0.55 -1.68 
618. 7.75 7.47 3.18 0.13 -2.21 0.38 -1.96 
619. 7.03 7.14 2.92 0.21 -1.51 -0.33 -1.96 
620. 7.03 7.14 2.92 0.21 -1.51 -0.33 -1.96 
621. 7.03 7.14 2.92 0.21 -1.51 -0.33 -1.96 
622. 7.14 7.14 2.92 0.21 -1.51 -0.33 -1.96 
623. 7.19 7.43 3.11 -0.26 -1.66 -0.27 -2.11 
624. 7.1 7.63 3.37 -0.09 -1.45 0.05 -2.16 
625. 7.63 7.19 3.28 -0.06 -1.13 0.13 -1.97 
626. 7.63 7.19 3.28 -0.06 -1.13 0.13 -2.13 
627. 7.49 7.46 3.48 -0.2 -1.29 -0.04 -1.69 
628. 7.68 7.83 2.9 -0.48 -0.7 0.59 -1.71 
629. 7.56 7.16 3.56 -0.12 -1.12 -0.22 -2.14 
630. 7.34 7.16 3.56 -0.12 -1.12 -0.22 -2.14 
631. 7.19 7.37 2.55 -1.09 -0.97 0.76 -1.67 
632. 7.19 7.37 2.55 -1.09 -0.97 0.25 -1.67 
633. 7.19 7.37 2.55 -1.09 -0.97 0.25 -1.67 
634. 7.34 7.16 2.55 -1.09 -0.97 0.25 -1.67 
635. 8.33 6.7 3.58 -0.64 -1.21 0.2 -1.91 
636. 8.33 6.7 3.58 -0.64 -1.21 0.2 -1.91 
637. 8.33 6.7 3.58 -0.64 -1.21 0.25 -1.67 
638. 8.13 6.81 3.86 -1.08 -1.37 0.65 -1.89 
639. 8.35 7.02 3.46 -0.25 -0.86 0.06 -1.7 
640. 8.13 6.81 3.86 -1.08 -1.34 0.26 -1.87 
641. 8.18 6.41 3.15 -1.23 -1.37 0.4 -1.84 
642. 7.89 6.18 3.98 -0.54 -2.11 0.79 -1.65 
643. 8.78 6.65 3.7 -1.42 -1.45 -0.15 -1.17 
644. 8.7 6.66 3.7 -1.23 -1.37 0.4 -1.17 
645. 8.7 6.66 3.7 -1.23 -1.37 0.4 -1.17 
646. 8.9 6.25 3.13 -0.35 -1.04 0.07 -1.01 
647. 8.7 6.66 3.6 -0.79 -1.37 0.4 -1.17 
1. 1 9 7 3 -3 -2 7 
1. -2 2 0 9 -5 14 5 
2. 14 1 2 -3 8 -1 11 
3. 14.4343 4.8634 11.2758 0.3453 14.2512 -0.7276 10.6892 
4. 0.5359 5.2547 11.1642 0.6081 13.9603 -0.6417 10.7949 
5. 10.826 -0.1661 11.1884 -0.3104 -0.2595 0.202 11.0473 
6. -0.3202 11.1951 10.6296 0.4207 -0.6197 0.2157 11.4101 
7. -0.1661 11.1951 10.6296 0.4207 -0.6197 0.2157 11.4101 
8. 11.2354 11.3485 10.7423 0.0389 -0.1218 -0.199 11.7225 
9. 0.2145 11.2036 11.6122 0.0419 -0.0221 -0.2271 11.5891 
10. 0.1174 11.4879 11.4885 -0.3735 -0.3434 -0.4271 12.0036 
11. -0.4142 0.4049 0.0185 -0.0717 -0.5325 -0.4685 12.1582 
12. -0.2197 -0.1863 12.3055 -0.3546 -0.7886 -0.7457 12.6361 
